%YAML:1.0
calibration_time: "vie 11 jul 2014 11:02:58 CEST"
image_width: 640
image_height: 480
board_width: 8
board_height: 6
square_size: 2.5000000372529030e-02
flags: 0
camera_matrix: !!opencv-matrix
   rows: 3
   cols: 3
   dt: d
   data: [ 6.9289853586315132e+02, 0., 3.1533070328054305e+02, 0.,
       6.9574077196489975e+02, 2.5105275118576452e+02, 0., 0., 1. ]
distortion_coefficients: !!opencv-matrix
   rows: 5
   cols: 1
   dt: d
   data: [ 6.9147820175974428e-02, 3.0821180470175607e-02,
       -1.2812599745348978e-02, -2.9877397796560130e-03,
       -9.6905544353249551e-02 ]
avg_reprojection_error: 5.0221380077356903e-01
image_points: !!opencv-matrix
   rows: 10
   cols: 48
   dt: "2f"
   data: [ 2.42548569e+02, 1.31509491e+02, 2.82351746e+02,
       1.31241348e+02, 3.21593536e+02, 1.30942139e+02, 3.61356720e+02,
       1.30619965e+02, 4.00641174e+02, 1.30565842e+02, 4.40599121e+02,
       1.30071762e+02, 4.80500610e+02, 1.29656357e+02, 5.20976868e+02,
       1.28960358e+02, 2.41085281e+02, 1.66823593e+02, 2.81478241e+02,
       1.66794250e+02, 3.21455780e+02, 1.66572250e+02, 3.61991180e+02,
       1.66383347e+02, 4.02074493e+02, 1.65981857e+02, 4.42933777e+02,
       1.65638519e+02, 4.83579102e+02, 1.65118912e+02, 5.24999329e+02,
       1.64011566e+02, 2.39455978e+02, 2.04107452e+02, 2.80542664e+02,
       2.03818527e+02, 3.21479584e+02, 2.03602676e+02, 3.62610992e+02,
       2.03207840e+02, 4.03827576e+02, 2.03015472e+02, 4.45333801e+02,
       2.02579697e+02, 4.86663391e+02, 2.02141357e+02, 5.28890991e+02,
       2.01723160e+02, 2.37651749e+02, 2.41857986e+02, 2.79600677e+02,
       2.42063644e+02, 3.21180359e+02, 2.41856781e+02, 3.63487488e+02,
       2.41546631e+02, 4.05439636e+02, 2.41445175e+02, 4.47692413e+02,
       2.40995819e+02, 4.89936523e+02, 2.40621613e+02, 5.32546448e+02,
       2.40386932e+02, 2.35801804e+02, 2.81722534e+02, 2.78557343e+02,
       2.81708282e+02, 3.21222595e+02, 2.81527802e+02, 3.64177032e+02,
       2.81265808e+02, 4.07216522e+02, 2.80979462e+02, 4.50144897e+02,
       2.80971771e+02, 4.93427521e+02, 2.80595367e+02, 5.37282654e+02,
       2.80332062e+02, 2.33958450e+02, 3.23354797e+02, 2.77686859e+02,
       3.23143616e+02, 3.21106171e+02, 3.22549927e+02, 3.65142181e+02,
       3.22388092e+02, 4.08788086e+02, 3.22246918e+02, 4.53099701e+02,
       3.22294128e+02, 4.97175018e+02, 3.22308807e+02, 5.41888550e+02,
       3.22013000e+02, 2.39269440e+02, 1.17395012e+02, 2.79733551e+02,
       1.17821472e+02, 3.19633972e+02, 1.18201767e+02, 3.60002106e+02,
       1.18433220e+02, 4.00107025e+02, 1.18673981e+02, 4.40585938e+02,
       1.18585564e+02, 4.81055328e+02, 1.18719849e+02, 5.21518677e+02,
       1.18636467e+02, 2.37717178e+02, 1.53903168e+02, 2.78757324e+02,
       1.54420837e+02, 3.19507172e+02, 1.54635132e+02, 3.60567993e+02,
       1.54828598e+02, 4.01528381e+02, 1.55142487e+02, 4.42679443e+02,
       1.55019318e+02, 4.83716553e+02, 1.55278061e+02, 5.25624756e+02,
       1.54590546e+02, 2.35898575e+02, 1.91927490e+02, 2.77725372e+02,
       1.92348343e+02, 3.19389374e+02, 1.92433212e+02, 3.61135132e+02,
       1.92582199e+02, 4.02869171e+02, 1.92819092e+02, 4.44516724e+02,
       1.93052536e+02, 4.86579498e+02, 1.92791946e+02, 5.29174805e+02,
       1.92733658e+02, 2.34045105e+02, 2.30601501e+02, 2.76566986e+02,
       2.31271667e+02, 3.18893402e+02, 2.31538528e+02, 3.61664825e+02,
       2.31675400e+02, 4.04085999e+02, 2.32135315e+02, 4.46806946e+02,
       2.31969620e+02, 4.89476105e+02, 2.32327972e+02, 5.32581299e+02,
       2.32498825e+02, 2.31968643e+02, 2.71383148e+02, 2.75597870e+02,
       2.71744843e+02, 3.18640533e+02, 2.71927704e+02, 3.62306702e+02,
       2.72022369e+02, 4.05723511e+02, 2.72371796e+02, 4.49223083e+02,
       2.72621216e+02, 4.92632355e+02, 2.72872498e+02, 5.36658630e+02,
       2.72832367e+02, 2.30038116e+02, 3.13754395e+02, 2.74337616e+02,
       3.13884430e+02, 3.18401367e+02, 3.14108032e+02, 3.63097504e+02,
       3.14102875e+02, 4.07482513e+02, 3.14355133e+02, 4.51928131e+02,
       3.15085266e+02, 4.95972046e+02, 3.15072113e+02, 5.40929443e+02,
       3.15570770e+02, 3.11463318e+02, 1.23533783e+02, 3.57993256e+02,
       1.29191513e+02, 4.00067932e+02, 1.35042999e+02, 4.44685760e+02,
       1.40350311e+02, 4.84294495e+02, 1.45901001e+02, 5.25906250e+02,
       1.50262695e+02, 5.61762268e+02, 1.54804871e+02, 6.01180298e+02,
       1.59625595e+02, 3.09333984e+02, 1.71547806e+02, 3.54686890e+02,
       1.76892212e+02, 4.00137665e+02, 1.81068497e+02, 4.42612213e+02,
       1.86304138e+02, 4.83918579e+02, 1.90370697e+02, 5.24627502e+02,
       1.94732864e+02, 5.63297607e+02, 1.98690125e+02, 6.01443054e+02,
       2.02427658e+02, 3.06844299e+02, 2.20626312e+02, 3.52915222e+02,
       2.24537231e+02, 3.97636963e+02, 2.28403366e+02, 4.41330444e+02,
       2.32305435e+02, 4.82617493e+02, 2.36090973e+02, 5.23032776e+02,
       2.39517456e+02, 5.63270020e+02, 2.42633606e+02, 6.01830444e+02,
       2.45668213e+02, 3.04260223e+02, 2.69538239e+02, 3.51139923e+02,
       2.73254700e+02, 3.96306946e+02, 2.76136292e+02, 4.39556732e+02,
       2.79176239e+02, 4.81992432e+02, 2.81977570e+02, 5.22638428e+02,
       2.84450958e+02, 5.63465454e+02, 2.87144257e+02, 6.00631348e+02,
       2.89742004e+02, 3.01462921e+02, 3.20565674e+02, 3.47991699e+02,
       3.22863129e+02, 3.94153809e+02, 3.24909149e+02, 4.38036957e+02,
       3.27265228e+02, 4.81100464e+02, 3.28691864e+02, 5.23229492e+02,
       3.30540283e+02, 5.62650269e+02, 3.32689850e+02, 6.01369751e+02,
       3.34542297e+02, 2.97700958e+02, 3.72034668e+02, 3.46483368e+02,
       3.73091064e+02, 3.92530548e+02, 3.74372284e+02, 4.37537872e+02,
       3.75439697e+02, 4.80562439e+02, 3.76564819e+02, 5.21513062e+02,
       3.77844360e+02, 5.62331787e+02, 3.78563629e+02, 5.99689270e+02,
       3.79228394e+02, 2.53653366e+02, 1.21557526e+02, 3.00932861e+02,
       1.33981628e+02, 3.44410461e+02, 1.45249924e+02, 3.85371155e+02,
       1.55740967e+02, 4.22640625e+02, 1.65609970e+02, 4.58321045e+02,
       1.74492783e+02, 4.91515076e+02, 1.82864624e+02, 5.22882263e+02,
       1.90785767e+02, 2.50265945e+02, 1.74703415e+02, 2.97885345e+02,
       1.85170090e+02, 3.41969482e+02, 1.94553497e+02, 3.83405975e+02,
       2.03443329e+02, 4.21596405e+02, 2.11555344e+02, 4.57700256e+02,
       2.19247482e+02, 4.91296753e+02, 2.26146790e+02, 5.23673950e+02,
       2.32730896e+02, 2.46476059e+02, 2.29010956e+02, 2.94875000e+02,
       2.37297928e+02, 3.39706268e+02, 2.44884018e+02, 3.81703186e+02,
       2.52051529e+02, 4.20376434e+02, 2.58601776e+02, 4.56635376e+02,
       2.64599915e+02, 4.90819580e+02, 2.70446472e+02, 5.23624146e+02,
       2.75788177e+02, 2.42927094e+02, 2.84180298e+02, 2.91945038e+02,
       2.90465729e+02, 3.37564697e+02, 2.96206940e+02, 3.79818726e+02,
       3.01498077e+02, 4.18698578e+02, 3.06554352e+02, 4.55694366e+02,
       3.11180389e+02, 4.89970123e+02, 3.15560791e+02, 5.21906067e+02,
       3.19644318e+02, 2.38746246e+02, 3.40929321e+02, 2.88607727e+02,
       3.45069519e+02, 3.34892700e+02, 3.48815796e+02, 3.77913147e+02,
       3.52312103e+02, 4.17602264e+02, 3.55509521e+02, 4.54785034e+02,
       3.58424561e+02, 4.89541138e+02, 3.61408600e+02, 5.22666748e+02,
       3.64194946e+02, 2.34346298e+02, 3.99621277e+02, 2.85652710e+02,
       4.01114563e+02, 3.32714264e+02, 4.02624664e+02, 3.76725372e+02,
       4.04290985e+02, 4.17105988e+02, 4.05730255e+02, 4.53824097e+02,
       4.07135834e+02, 4.89285583e+02, 4.08195801e+02, 5.22540100e+02,
       4.09659485e+02, 2.84448151e+02, 1.76190323e+02, 3.12029419e+02,
       1.65929977e+02, 3.42255829e+02, 1.53550476e+02, 3.76811615e+02,
       1.41203247e+02, 4.17026398e+02, 1.26247589e+02, 4.62562866e+02,
       1.09290161e+02, 5.15991455e+02, 8.68983459e+01, 5.78750061e+02,
       6.20053444e+01, 2.84076416e+02, 2.22232513e+02, 3.11778503e+02,
       2.13907074e+02, 3.42540375e+02, 2.05687088e+02, 3.77608856e+02,
