%YAML:1.0
calibration_time: "lun 07 jul 2014 12:56:20 CEST"
image_width: 640
image_height: 480
board_width: 8
board_height: 6
square_size: 2.5000000372529030e-02
flags: 0
camera_matrix: !!opencv-matrix
   rows: 3
   cols: 3
   dt: d
   data: [ 7.1784760985608432e+02, 0., 3.8685475002070484e+02, 0.,
       7.3068695401344235e+02, 2.1422574760053672e+02, 0., 0., 1. ]
distortion_coefficients: !!opencv-matrix
   rows: 5
   cols: 1
   dt: d
   data: [ 5.9675177103007807e-02, 3.0063250306267375e-01,
       -4.2300471080177433e-02, 3.5940052068849794e-02,
       -2.9262136818986201e-01 ]
avg_reprojection_error: 9.5253527805812699e-01
image_points: !!opencv-matrix
   rows: 10
   cols: 48
   dt: "2f"
   data: [ 2.19369080e+02, 1.67024109e+02, 2.61666107e+02,
       1.61379044e+02, 3.03315338e+02, 1.55626862e+02, 3.45119690e+02,
       1.49569077e+02, 3.86459534e+02, 1.43898804e+02, 4.27748108e+02,
       1.37569931e+02, 4.69069000e+02, 1.31036331e+02, 5.10700745e+02,
       1.23765495e+02, 2.23947876e+02, 2.04555496e+02, 2.67220520e+02,
       1.98669769e+02, 3.09750183e+02, 1.92704742e+02, 3.52621399e+02,
       1.86421143e+02, 3.94923859e+02, 1.79715485e+02, 4.37433746e+02,
       1.72914688e+02, 4.79702362e+02, 1.65882996e+02, 5.22693237e+02,
       1.58364517e+02, 2.28608231e+02, 2.44146912e+02, 2.72834686e+02,
       2.37589020e+02, 3.16583862e+02, 2.31114853e+02, 3.60500793e+02,
       2.24359299e+02, 4.03921722e+02, 2.17363480e+02, 4.47463379e+02,
       2.10292343e+02, 4.90965942e+02, 2.02833038e+02, 5.35057617e+02,
       1.95367126e+02, 2.33332779e+02, 2.84996338e+02, 2.78765411e+02,
       2.78242157e+02, 3.23607849e+02, 2.70960052e+02, 3.68703796e+02,
       2.63679169e+02, 4.13267853e+02, 2.56662628e+02, 4.58143738e+02,
       2.49173798e+02, 5.02760437e+02, 2.41945694e+02, 5.47775269e+02,
       2.34642593e+02, 2.38372147e+02, 3.28107544e+02, 2.84958069e+02,
       3.20497925e+02, 3.31068939e+02, 3.12742126e+02, 3.77405823e+02,
       3.05204987e+02, 4.23446838e+02, 2.97678375e+02, 4.69603760e+02,
       2.90198425e+02, 5.15618164e+02, 2.82459015e+02, 5.62397400e+02,
       2.74616943e+02, 2.43365585e+02, 3.73302582e+02, 2.91309570e+02,
       3.64860474e+02, 3.38739075e+02, 3.56817963e+02, 3.86637482e+02,
       3.48799896e+02, 4.34175568e+02, 3.40950897e+02, 4.81813568e+02,
       3.33363983e+02, 5.29437805e+02, 3.25409851e+02, 5.77513672e+02,
       3.17317841e+02, 2.58349365e+02, 1.53085205e+02, 3.01661346e+02,
       1.60533676e+02, 3.42730347e+02, 1.67434692e+02, 3.82778442e+02,
       1.73833237e+02, 4.20835419e+02, 1.80411682e+02, 4.57925720e+02,
       1.86062119e+02, 4.94053894e+02, 1.91407745e+02, 5.29605530e+02,
       1.96328552e+02, 2.57264709e+02, 1.95760437e+02, 3.01040344e+02,
       2.02483932e+02, 3.42988312e+02, 2.08522461e+02, 3.83689636e+02,
       2.14436661e+02, 4.22927032e+02, 2.19633636e+02, 4.60984253e+02,
       2.24662613e+02, 4.97860596e+02, 2.29254639e+02, 5.34470947e+02,
       2.33415115e+02, 2.55572891e+02, 2.40229599e+02, 3.00565765e+02,
       2.45774994e+02, 3.43433960e+02, 2.50968460e+02, 3.85178650e+02,
       2.55833359e+02, 4.25310974e+02, 2.60425995e+02, 4.64054596e+02,
       2.64662048e+02, 5.01787903e+02, 2.68714355e+02, 5.38839417e+02,
       2.72470581e+02, 2.54123184e+02, 2.85964966e+02, 3.00025665e+02,
       2.90634369e+02, 3.44181976e+02, 2.94654358e+02, 3.86977936e+02,
       2.98666962e+02, 4.27637085e+02, 3.02566681e+02, 4.67515106e+02,
       3.06124969e+02, 5.05737091e+02, 3.09736237e+02, 5.42746582e+02,
       3.13156067e+02, 2.52515457e+02, 3.33570068e+02, 2.99820892e+02,
       3.37067169e+02, 3.45242371e+02, 3.40159424e+02, 3.88979004e+02,
       3.43362701e+02, 4.30774200e+02, 3.46298920e+02, 4.71510132e+02,
       3.49294495e+02, 5.10611908e+02, 3.52097168e+02, 5.48997131e+02,
       3.54668030e+02, 2.51160355e+02, 3.83282043e+02, 3.00066528e+02,
       3.85532776e+02, 3.46570801e+02, 3.87613464e+02, 3.91545868e+02,
       3.89942719e+02, 4.34429443e+02, 3.91967194e+02, 4.75735352e+02,
       3.94223694e+02, 5.15883728e+02, 3.96361969e+02, 5.55006287e+02,
       3.98301575e+02, 2.50183258e+02, 1.62737335e+02, 2.94026184e+02,
       1.58895386e+02, 3.36953217e+02, 1.54994339e+02, 3.80212250e+02,
       1.51083008e+02, 4.22720215e+02, 1.47015167e+02, 4.65656921e+02,
       1.42161972e+02, 5.08333313e+02, 1.38287720e+02, 5.51205872e+02,
       1.28791824e+02, 2.53978531e+02, 2.02486206e+02, 2.98630585e+02,
       1.98429733e+02, 3.42597809e+02, 1.94455292e+02, 3.86741211e+02,
       1.90258041e+02, 4.30531860e+02, 1.84827133e+02, 4.74194916e+02,
       1.80304321e+02, 5.18437622e+02, 1.74111252e+02, 5.61022522e+02,
       1.68617020e+02, 2.57867401e+02, 2.44071762e+02, 3.03530304e+02,
       2.39488205e+02, 3.48519989e+02, 2.34699753e+02, 3.93646271e+02,
       2.29623520e+02, 4.38326294e+02, 2.24795502e+02, 4.83547913e+02,
       2.19029221e+02, 5.28264648e+02, 2.14093460e+02, 5.74109009e+02,
       2.05874176e+02, 2.62104218e+02, 2.86928528e+02, 3.08639160e+02,
       2.82021515e+02, 3.54771179e+02, 2.76819733e+02, 4.00978973e+02,
       2.71572754e+02, 4.47101715e+02, 2.65619751e+02, 4.93118988e+02,
       2.60669922e+02, 5.39502563e+02, 2.54467972e+02, 5.84386597e+02,
       2.49667770e+02, 2.66337799e+02, 3.31931244e+02, 3.14195526e+02,
       3.26411255e+02, 3.61444214e+02, 3.20647705e+02, 4.09252075e+02,
       3.14504608e+02, 4.56101837e+02, 3.09353943e+02, 5.04061676e+02,
       3.03231140e+02, 5.51059021e+02, 2.98930176e+02, 5.99805725e+02,
       2.89296143e+02, 2.70738434e+02, 3.79062195e+02, 3.19841736e+02,
       3.72958252e+02, 3.68633453e+02, 3.66656677e+02, 4.17486938e+02,
       3.60862244e+02, 4.66461121e+02, 3.54544403e+02, 5.14974060e+02,
       3.49112061e+02, 5.64328613e+02, 3.42488342e+02, 6.13493958e+02,
       3.38433197e+02, 2.10846481e+02, 2.01788681e+02, 2.45514557e+02,
       1.95671432e+02, 2.81012634e+02, 1.88863693e+02, 3.18485870e+02,
       1.81936554e+02, 3.57361847e+02, 1.74705215e+02, 3.98237732e+02,
       1.66833588e+02, 4.40643433e+02, 1.58219818e+02, 4.85552429e+02,
       1.48618164e+02, 2.08809601e+02, 2.38292786e+02, 2.43899567e+02,
       2.32700745e+02, 2.80344391e+02, 2.26822845e+02, 3.18290009e+02,
       2.20456543e+02, 3.57849335e+02, 2.13552994e+02, 3.99057220e+02,
       2.06287476e+02, 4.42599670e+02, 1.98231308e+02, 4.88430664e+02,
       1.89393524e+02, 2.06656326e+02, 2.76270569e+02, 2.42274765e+02,
       2.71270935e+02, 2.78880463e+02, 2.65818634e+02, 3.17628326e+02,
       2.60296356e+02, 3.57790039e+02, 2.53999741e+02, 4.00085144e+02,
       2.47386002e+02, 4.44469147e+02, 2.40349274e+02, 4.91849121e+02,
       2.32768463e+02, 2.03970184e+02, 3.15384491e+02, 2.40185562e+02,
       3.11004578e+02, 2.77204193e+02, 3.06374664e+02, 3.16459167e+02,
       3.01283112e+02, 3.57833099e+02, 2.96149078e+02, 4.01062164e+02,
       2.90298401e+02, 4.46685364e+02, 2.84495239e+02, 4.95327850e+02,
       2.78055511e+02, 2.00900375e+02, 3.56011780e+02, 2.37501740e+02,
       3.52477936e+02, 2.75330475e+02, 3.48271942e+02, 3.15358643e+02,
       3.44151398e+02, 3.57413879e+02, 3.39772339e+02, 4.01852325e+02,
       3.35333496e+02, 4.48605896e+02, 3.30361298e+02, 4.98429077e+02,
       3.25095367e+02, 1.97095505e+02, 3.98457916e+02, 2.33964127e+02,
       3.95389496e+02, 2.72623230e+02, 3.92257019e+02, 3.13584076e+02,
       3.89095490e+02, 3.56592682e+02, 3.85747803e+02, 4.02646240e+02,
       3.82376068e+02, 4.50731384e+02, 3.78762726e+02, 5.02277771e+02,
       3.74837524e+02, 1.85133133e+02, 2.54943787e+02, 2.22527542e+02,
       2.38789169e+02, 2.61366180e+02, 2.21340836e+02, 3.02420532e+02,
       2.02767487e+02, 3.46203766e+02, 1.83484863e+02, 3.92354279e+02,
       1.61949539e+02, 4.41054840e+02, 1.38876373e+02, 4.93360992e+02,
       1.12962646e+02, 1.77572495e+02, 2.90209808e+02, 2.16636856e+02,
       2.74216949e+02, 2.57372131e+02, 2.57212708e+02, 3.00516998e+02,
